1 2014-12-28 06:56:10.518168 101629 14.6 54.071241618 4.84859769791
1 2014-12-28 06:56:21.171363 101645 14.5 54.0958081045 4.82721375835
1 2014-12-28 06:56:31.828620 101634 14.5 54.42999845 4.91563140683
1 2014-12-28 06:56:42.472532 101636 14.5 54.5773595125 4.92653376406
1 2014-12-28 06:56:53.121307 101636 14.5 54.6942885245 4.9386495067
1 2014-12-28 06:57:03.771855 101641 14.5 54.597393352 4.87593614387
1 2014-12-28 06:57:14.421169 101633 14.4 54.650687458 4.84338092459
1 2014-12-28 06:57:25.069079 101635 14.4 54.767532578 4.8367791869
1 2014-12-28 06:57:35.715777 101623 14.4 54.885788242 4.85842233591
1 2014-12-28 06:57:46.364625 101632 14.3 54.8525303125 4.8310879121
1 2014-12-28 06:57:57.009453 101628 14.3 55.064537608 4.86782136106
1 2014-12-28 06:58:07.660631 101629 14.3 55.061566408 4.84840455444
1 2014-12-28 06:58:18.304616 101629 14.3 55.0888660005 4.85551961381
1 2014-12-28 06:58:28.951348 101630 14.3 55.3021642 4.91100417154
1 2014-12-28 06:58:39.599004 101629 14.3 55.358172338 4.89756118958
1 2014-12-28 06:58:50.234623 101631 14.3 55.2976882 4.88186450606
